,Atm pressure mm of mercury,Mean wind direction,Mean wind speed,Relative humidity (%),Relative humidity (%)_lag_1h,Relative humidity (%)_lag_24h,Relative humidity (%)_lag_2h,Relative humidity (%)_lag_3h,Relative humidity (%)_roll_mean_12h,Relative humidity (%)_roll_mean_24h,Relative humidity (%)_roll_mean_3h,Relative humidity (%)_roll_mean_6h,Relative humidity (%)_roll_std_12h,Relative humidity (%)_roll_std_24h,Relative humidity (%)_roll_std_3h,Relative humidity (%)_roll_std_6h,Unnamed: 9,air temperature,air temperature_lag_1h,air temperature_lag_24h,air temperature_lag_2h,air temperature_lag_3h,air temperature_roll_mean_12h,air temperature_roll_mean_24h,air temperature_roll_mean_3h,air temperature_roll_mean_6h,air temperature_roll_std_12h,air temperature_roll_std_24h,air temperature_roll_std_3h,air temperature_roll_std_6h,building_size_m2,cloud_cover_percentage,cloud_cover_percentage_lag_1h,cloud_cover_percentage_lag_24h,cloud_cover_percentage_lag_2h,cloud_cover_percentage_lag_3h,cloud_cover_percentage_roll_mean_12h,cloud_cover_percentage_roll_mean_24h,cloud_cover_percentage_roll_mean_3h,cloud_cover_percentage_roll_mean_6h,cloud_cover_percentage_roll_std_12h,cloud_cover_percentage_roll_std_24h,cloud_cover_percentage_roll_std_3h,cloud_cover_percentage_roll_std_6h,dayofweek,dayofweek_cos,dayofweek_sin,dayofyear,dayofyear_cos,dayofyear_sin,hour,hour_cos,hour_sin,hour_x_dayofweek,is_drifting,is_fog,is_freezing_precip,is_grains,is_mist,is_rain,is_shower,is_snow,is_weekend,season_Autumn,season_Spring,season_Summer,season_Winter,temp_x_hour,visibility,visibility_lag_1h,visibility_lag_24h,visibility_lag_2h,visibility_lag_3h,visibility_roll_mean_12h,visibility_roll_mean_24h,visibility_roll_mean_3h,visibility_roll_mean_6h,visibility_roll_std_12h,visibility_roll_std_24h,visibility_roll_std_3h,visibility_roll_std_6h,weather phenomena,year
Atm pressure mm of mercury,1.0,,-0.2751365033061578,-0.35612096612583877,-0.35662658445614204,-0.31748950407811866,-0.3564776735038182,-0.3557931176400325,-0.39906107201167046,-0.42741763744607064,-0.36326631534944365,-0.3739985691536213,0.27696921613763287,0.3019572135740663,0.12959806285033415,0.2024708003935176,,0.08565953073221812,0.08348000078447891,0.08854358892396495,0.08156466896769315,0.07989343680945193,0.07963115099337344,0.08350872357427136,0.08188348346050921,0.08027835986873898,0.3171031815286417,0.33905811035992844,0.20708699615822462,0.25713053250509277,-0.0008689417848035206,-0.433818804540261,-0.4323312045004234,-0.32558950040707396,-0.42980383789506077,-0.4265836051581295,-0.4617691505729503,-0.4568927337148111,-0.44430290160411506,-0.45381871903348786,-0.10873211648641638,-0.11585167138949551,-0.10558364945754409,-0.11374698602061846,0.02274005401216166,-0.002490585333854001,-0.024246263117639538,-0.18996125295025235,-0.25587743645201233,0.1595191153805036,0.01071416441716142,-0.0026310168700045674,-0.012667794978746115,0.02728444037116786,,,,,,,,,0.01623453448726917,-0.12419627706045597,0.1558124773136425,0.04805321747815821,-0.07881116688448317,0.08736518378565755,0.19412776874342136,0.1977332346818971,0.1596625208291789,0.1997909906234142,0.20051927555188512,0.2517957605040304,0.26898047820073434,0.2151457796342034,0.23245275139310337,-0.34434046453360123,-0.35671393815035357,-0.27321459304153156,-0.3158751009714077,,
Mean wind direction,,,,,,,,,,,,,,,,,,,,,,,,,,,,,,,,,,,,,,,,,,,,,,,,,,,,,,,,,,,,,,,,,,,,,,,,,,,,,,,,,,,
Mean wind speed,-0.2751365033061578,,1.0,-0.14882797782232576,-0.12479341853659828,-0.048162710969787484,-0.08818817934803257,-0.047521952654394045,0.09943901799116657,0.09900847950994036,-0.08845939668306052,-0.023833705265944156,-0.08427516733299084,-0.1022969411917467,-0.044460221752981796,-0.06544811830624772,,0.06497095775785229,0.06078938416164298,0.025627585374974646,0.04885816035485175,0.03342203712254321,-0.026176286045482194,-0.025750091631991462,0.047798325220294445,0.022079634983863825,-0.119986976007848,-0.12809175079649154,-0.13549370421326726,-0.13110187795902878,-0.0035825859453408743,0.13553528756648991,0.1355061590117093,0.06090705533945702,0.1315490134630877,0.12700623432669317,0.11898262607378153,0.09415897106678467,0.13588282953314548,0.13352785653194835,0.0730516754753946,0.11088978485252698,0.032980010931827335,0.04907396922476998,0.017923403746549615,-0.024950571388080083,0.009854423132176639,-0.1333592443889277,0.07092177956381561,0.06989322883404878,0.11884391084363453,-0.21047314489608746,-0.14759613158961388,0.07496499413576511,,,,,,,,,0.02496945531983007,-0.016724297005698677,0.021398994418824275,-0.07207692981805529,0.06628182198359639,0.1081610582227684,-0.00877187564093117,-0.01533407908679329,0.0035715736453074,-0.025025100374469998,-0.035138656992199334,-0.05919126921168583,-0.05115907885951692,-0.027149688958299917,-0.0409817297624084,0.08380018979374751,0.060084269092987926,0.040895319905932856,0.05990662163803867,,
Relative humidity (%),-0.35612096612583877,,-0.14882797782232576,1.0,0.9620093253683334,0.7050874731610064,0.9067027826041961,0.8417373655011153,0.7077967154536504,0.7307163477109924,0.9209775156728517,0.8432130028698545,-0.5129720194179476,-0.5577309271759282,-0.2520219017562153,-0.37787560568223416,,-0.42227311694471403,-0.414490061137481,-0.3753729161590583,-0.39760079449351216,-0.37493432596483073,-0.29540554891136717,-0.29851681342069675,-0.3967067201774809,-0.360708772271939,-0.5077232437899608,-0.5095246115017057,-0.2978960361445736,-0.3935950971042406,-0.007456030326886326,0.5544257633035916,0.5477704247452132,0.39730816298001426,0.5363776211459812,0.5243808250993811,0.5723703975502247,0.5774934698441492,0.5545253618749412,0.5585610449483726,0.26580807853447175,0.32145282149424526,0.1670052038098431,0.21219203279662385,-0.0106636474648465,-0.013261184552360755,0.040938395002899884,0.15092347682632878,0.48484892460882295,-0.2911365586657157,-0.2119678793545006,0.23879248452139143,0.2566396995556175,-0.14057965536827557,,,,,,,,,-0.018697466648483697,0.1914103764143244,-0.36970544466027894,-0.18556473669122903,0.3586842674585558,-0.4709864392450307,-0.3693107249071412,-0.36659039132531673,-0.2374646281859175,-0.3519061180583905,-0.33562192164541566,-0.3830507452377062,-0.3994895135347071,-0.37928094831966525,-0.3837458939310228,0.42323655127862964,0.468765814949551,0.36226931268301277,0.40339474777758005,,
Relative humidity (%)_lag_1h,-0.35662658445614204,,-0.12479341853659828,0.9620093253683334,1.0,0.6992051702467852,0.9620076814600863,0.9067002156642042,0.7681038794165884,0.7462256240565085,0.9747487095277183,0.9094291725557695,-0.5152188612748858,-0.5680474901380301,-0.23971099728803644,-0.3712494034457253,,-0.4108307904961451,-0.4222091274403256,-0.3700997160455662,-0.4144241423575261,-0.39753263732286814,-0.3149087576657286,-0.3004891631724035,-0.4124589837528002,-0.382629922206822,-0.5038996022521008,-0.5162704720782587,-0.2688604484125024,-0.3753368153683686,-0.007460106614457521,0.5537661207664001,0.554401620889118,0.40698246564702123,0.5477458245038858,0.5363522418539481,0.577857512594427,0.5852678882363539,0.5648583327003756,0.5678803511283461,0.26490580972400696,0.3243171380907939,0.1626494325274518,0.20939682746389965,-0.009727458590144022,-0.01583893761164055,0.04006339116528251,0.1508947152349866,0.4849608174772008,-0.2909154961982199,-0.24758979962513503,0.16405708851922607,0.3097620096075986,-0.16065858715984077,,,,,,,,,-0.01887800404457875,0.19157323467513862,-0.3694633812182832,-0.18610753370088698,0.35887690139384165,-0.4862246597372437,-0.353223128974468,-0.3692427728394407,-0.24176327986821847,-0.366558493255319,-0.35195617411251623,-0.39685387428733016,-0.4077392230869622,-0.39138267855516407,-0.3983366069601265,0.4391276981593849,0.47854856035372484,0.3761705125452989,0.42227339985635853,,
Relative humidity (%)_lag_24h,-0.31748950407811866,,-0.048162710969787484,0.7050874731610064,0.6992051702467852,1.0,0.6786218654229447,0.6462106354851509,0.5822602277926059,0.7460277677882625,0.6877292356608545,0.6513968765842577,-0.432988665086943,-0.5621461317771308,-0.226899330109448,-0.3257405125374327,,-0.4010932445580066,-0.3971669000355479,-0.42151099005028375,-0.38583092358405446,-0.3684475811492557,-0.2960713654923242,-0.30771442724694364,-0.3848077713808495,-0.3556778328598295,-0.463215352016574,-0.5137571786061865,-0.2895502853768511,-0.35832498407176155,-0.007479832881177149,0.41213442743548434,0.4102757201741469,0.5540858873783767,0.4086994471782718,0.4099894798026594,0.5020262345762202,0.5922301012096236,0.42366376361769614,0.4452445409353286,0.14151294791976846,0.2028215477957602,0.08423615765891061,0.10852289049257671,0.0017956807184097698,-0.04241068749637005,0.015372892555625075,0.14901245767970916,0.4892988139363769,-0.2828758380265666,-0.21216818701880139,0.23879970447201646,0.2566738528842512,-0.13374367114397656,,,,,,,,,-0.0236803477620983,0.19368361911678322,-0.36366056172678657,-0.19648593512920282,0.36262870572493144,-0.4534536151092066,-0.24200185872821717,-0.2422056988958603,-0.36988735107861836,-0.23953220419147217,-0.23740776505676758,-0.31305309231314643,-0.4098941447561546,-0.25877724893551646,-0.2774199217387397,0.3193758836896665,0.45750896635140176,0.2240106751254931,0.2629880617678394,,
Relative humidity (%)_lag_2h,-0.3564776735038182,,-0.08818817934803257,0.9067027826041961,0.9620076814600863,0.6786218654229447,1.0,0.9620077765033822,0.8235716509703049,0.7600175818390996,0.9935387379093387,0.9562302636373502,-0.5161396003775053,-0.5770220817623093,-0.2405883900855889,-0.364134825175641,,-0.3921195656706236,-0.4107690443936991,-0.358169287367901,-0.4221490217893458,-0.41436372119406883,-0.3331104980440647,-0.30218413868414007,-0.4168368604151629,-0.39788926026888394,-0.4987141144121359,-0.523049102822456,-0.25454173513831424,-0.3534987800709882,-0.007468192656474708,0.5527284513757267,0.5537371815275001,0.41815579776500567,0.5543727271662892,0.5477164568970089,0.5833213031674883,0.5924962294966319,0.5708139825845554,0.5761213371618874,0.2613896239574512,0.325338173624008,0.15923235813651707,0.20433629125983796,-0.008768274570812645,-0.018620601994493308,0.03894980883415373,0.1508156900159563,0.4851083826740492,-0.2906151497907377,-0.26677500394561,0.07811726840774101,0.34172154768983715,-0.1701273838755166,,,,,,,,,-0.018984795222334427,0.19173355774506085,-0.3693724792947631,-0.1866170473453292,0.35918811433642783,-0.4854202362248638,-0.33964106813306527,-0.353151765991805,-0.24334778813774366,-0.36920977555957285,-0.3666079613196997,-0.40846710998904473,-0.4147561128280373,-0.3918359883522247,-0.40755804884686286,0.4516689710532494,0.4855376869020554,0.374877514916279,0.43264591644798944,,
Relative humidity (%)_lag_3h,-0.3557931176400325,,-0.047521952654394045,0.8417373655011153,0.9067002156642042,0.6462106354851509,0.9620077765033822,1.0,0.871335578905318,0.7719860080378459,0.974746269015421,0.980226636428985,-0.5153905798802527,-0.5841310571115754,-0.2421675696787641,-0.35752790740605717,,-0.368450331992535,-0.39208415228627175,-0.34091844840612756,-0.41073654802964266,-0.422118475842674,-0.3489428752444027,-0.30361112037795424,-0.4093671808154142,-0.40523810542711103,-0.49121005565037573,-0.529389868673012,-0.24766431000926237,-0.3308828389452724,-0.007474524749964655,0.5503848624026273,0.5527070910728028,0.4295696655949833,0.5537158760647857,0.5543514564463428,0.5887533005926447,0.5991463357193295,0.572510826832461,0.5829293830182902,0.2561483344504752,0.32492344797264766,0.15762760938595702,0.19933147275387117,-0.008482488859060926,-0.021159946304961486,0.037787151198984965,0.1507209491984162,0.4853059083306678,-0.2902370083751206,-0.26605191699977965,-0.01316070321393968,0.35035123260539314,-0.1678316567250889,,,,,,,,,-0.01940328998625561,0.19187909754111068,-0.36922097213329286,-0.18716475044052744,0.3594919019481485,-0.4689471474762132,-0.3280794307999914,-0.3395920081688991,-0.24276946152957185,-0.3531255333885313,-0.3692451518101393,-0.4179172915218265,-0.4208319038257076,-0.38213354161220625,-0.41164378506703125,0.4620244921192623,0.4907207884491577,0.36262247801193015,0.4377479858298186,,
Relative humidity (%)_roll_mean_12h,-0.39906107201167046,,0.09943901799116657,0.7077967154536504,0.7681038794165884,0.5822602277926059,0.8235716509703049,0.871335578905318,1.0,0.9050977263347587,0.8369059965391485,0.9235654916316026,-0.5628409254663763,-0.6707678991400251,-0.26395370022974507,-0.3931106642564989,,-0.32587459849635303,-0.34721261719709623,-0.3084262953421799,-0.3677416141044206,-0.38601580108975725,-0.39857777608078027,-0.34894081581094294,-0.36794190459028875,-0.39168051615442656,-0.5075728360950813,-0.614235563561207,-0.2987320595799763,-0.3696054445106679,-0.008571575453257556,0.6118541038137014,0.6164332180196548,0.5267956371771494,0.6194841999899249,0.6207945866710871,0.6854457946463383,0.6998322271240867,0.6400792920865153,0.6618731448874188,0.266745466769448,0.353088045579931,0.1700537360372182,0.21135148434049356,-0.007767611680448324,-0.031093491421930637,0.03576236364661496,0.17017433599851672,0.5553177272816839,-0.3290621196078874,-0.09500520962720917,-0.20828144731074125,0.1481890784832655,-0.06341767479487272,,,,,,,,,-0.02394084993507824,0.21860291397123813,-0.42029619795007517,-0.2161309057327601,0.4119426121648531,-0.34120751615887424,-0.3391676166396684,-0.3503025171699472,-0.2753652601995822,-0.3605134408165904,-0.36871992837022566,-0.4786806820064429,-0.49467157322446237,-0.38841471451790005,-0.43012705954053626,0.5319875928345927,0.5681279470800197,0.3625245184292899,0.45084175393515097,,
Relative humidity (%)_roll_mean_24h,-0.42741763744607064,,0.09900847950994036,0.7307163477109924,0.7462256240565085,0.7460277677882625,0.7600175818390996,0.7719860080378459,0.9050977263347587,1.0,0.774127780863707,0.8168772619917705,-0.6017972361624725,-0.7354724708637201,-0.2912276066199211,-0.4260553137103725,,-0.3740716759530393,-0.37508962257384704,-0.3642790257817532,-0.3759026478586266,-0.3764237534474161,-0.3839351063496061,-0.3876726658321967,-0.376780764828485,-0.379320412988986,-0.577872486376115,-0.668013298056843,-0.3695760673826321,-0.45233324764017685,-0.009511701352278693,0.6130441407826523,0.6206705385470995,0.6148052258426345,0.6280150247325398,0.6348398308572345,0.7294526309222102,0.7755032663551981,0.6493225096567105,0.6815073206687475,0.25137604344233017,0.3429818012589942,0.15768991028080384,0.1986374708726175,-0.004153982123740256,-0.04162157438338208,0.032074888590304676,0.1856907381788256,0.6154829356791708,-0.3604845569178299,4.411643036691187e-05,-0.0004621702506064137,0.0001150071886530727,-0.0046650064421956735,,,,,,,,,-0.027905143272406025,0.24168198183647457,-0.46210722462870263,-0.24291634378414895,0.45681780714661263,-0.3179825750623709,-0.33785312746635504,-0.344502180691257,-0.34475296604035843,-0.35106605680813974,-0.3570660851018445,-0.47917591421924405,-0.5483257287645805,-0.3787288323255314,-0.41851762684177285,0.5205445931743186,0.6220081152353402,0.34087414611764827,0.42303552203658745,,
Relative humidity (%)_roll_mean_3h,-0.36326631534944365,,-0.08845939668306052,0.9209775156728517,0.9747487095277183,0.6877292356608545,0.9935387379093387,0.974746269015421,0.8369059965391485,0.774127780863707,1.0,0.9669915482255996,-0.525576938165232,-0.5875689007478052,-0.24549249896522288,-0.371370628904893,,-0.39803215091654154,-0.41626326332223323,-0.36328943144365505,-0.42381962450270366,-0.41930071702262595,-0.3387610988136437,-0.30795213656948,-0.42088415895997167,-0.4029081416572208,-0.5075957229432745,-0.533038088335238,-0.2620191497399744,-0.3600984169988041,-0.007617520414035583,0.5630042793962078,0.5643586179764077,0.42632517685565063,0.5626372957547654,0.5567119056037145,0.5946303116253058,0.6037984134843032,0.5804429800757788,0.5868137563774689,0.26581745021559894,0.3310844720659739,0.16290505831734023,0.20827630659712074,-0.009020796797807202,-0.018811949607448135,0.03957599952746977,0.15353355809336225,0.4945715209279494,-0.29620158780720846,-0.2652698856724857,0.07794010862146285,0.34043557380602785,-0.16948595072402542,,,,,,,,,-0.019302169926031936,0.19537341153153506,-0.37653517378100093,-0.1902866578977645,0.36622253199834953,-0.4895212603461216,-0.3468470943480661,-0.3608105265853788,-0.2473196648197614,-0.3699817529572192,-0.3696221383068925,-0.41559656525215005,-0.42241809766290705,-0.39593359831458586,-0.4136629006887354,0.4596519739891848,0.4942983590854652,0.37840371281800544,0.4392182784648471,,
Relative humidity (%)_roll_mean_6h,-0.3739985691536213,,-0.023833705265944156,0.8432130028698545,0.9094291725557695,0.6513968765842577,0.9562302636373502,0.980226636428985,0.9235654916316026,0.8168772619917705,0.9669915482255996,1.0,-0.5378619789072623,-0.6156897628836974,-0.24653295975653985,-0.3734922055552447,,-0.3708837169161036,-0.39495095159563826,-0.34433219488818273,-0.4127673210943639,-0.4226112566378936,-0.3694762272828284,-0.3203523002184762,-0.4111728634946854,-0.4150777511265184,-0.5072515738413561,-0.5598381444061957,-0.257819256668951,-0.34355747749868903,-0.007893793017609077,0.5780514059266452,0.5803660065132369,0.45938026302767077,0.5809139204238215,0.5789655489072938,0.6231285949393273,0.6338692274323149,0.5999321390247339,0.6137468604032652,0.2652055472932145,0.3395774449390843,0.163727213493211,0.20820234711440253,-0.008242718951253102,-0.022837631838619456,0.03842807166114336,0.15831454741518372,0.5118982295873558,-0.30559617278177476,-0.2467456252438695,-0.05568958667522495,0.3290750261944863,-0.15648689196538226,,,,,,,,,-0.019844364125362352,0.2020315162778097,-0.38912037986372205,-0.19769328282701434,0.37936766189782034,-0.46028390559487264,-0.3413002777161208,-0.35374410297694026,-0.25585952363663017,-0.36426125769495893,-0.3704254623038531,-0.44107029425156863,-0.4453027036695349,-0.39161977409212595,-0.4255758551320507,0.48886902679340116,0.5178450221866903,0.3717167829117328,0.45201421226138105,,
Relative humidity (%)_roll_std_12h,0.27696921613763287,,-0.08427516733299084,-0.5129720194179476,-0.5152188612748858,-0.432988665086943,-0.5161396003775053,-0.5153905798802527,-0.5628409254663763,-0.6017972361624725,-0.525576938165232,-0.5378619789072623,1.0,0.7725462577028402,0.28730064091851676,0.6050234929419768,,0.44458940513183,0.4435811082296483,0.41402478720251884,0.44299405731474595,0.4421751066412939,0.43570068741675627,0.4396119034206691,0.4440608376850656,0.4428196912495907,0.7629232410381195,0.6039812017028957,0.28766152056354816,0.48658112080193827,0.009199743324645675,-0.4963606253067921,-0.49973412780445764,-0.42517314954347035,-0.5020732989678541,-0.5043428288799804,-0.5721553732670348,-0.5842716377932413,-0.5192202693276797,-0.5410564388724596,-0.07590828492322092,-0.13867200284751435,-0.07509235092236528,-0.07295586417701647,-0.00977847904706595,0.005519026004491029,-0.0099680188582826,-0.09038281930770144,-0.5690756520849912,0.17394702843184234,-0.0301594313166194,-0.00748761573304163,-0.05561271355702402,-0.030057269733132108,,,,,,,,,-0.008017205231973806,-0.16074146652581625,0.30967162239332774,0.2823061827881963,-0.4250353357727429,0.3479694516343959,0.26822190976480353,0.27400550342852453,0.2485998633599556,0.27996786972462123,0.2856080315447143,0.36568370565313857,0.39421584910587265,0.3020911690234069,0.3325822505784136,-0.34878150668098756,-0.40681352030227136,-0.2768444625037681,-0.32157844541887265,,
Relative humidity (%)_roll_std_24h,0.3019572135740663,,-0.1022969411917467,-0.5577309271759282,-0.5680474901380301,-0.5621461317771308,-0.5770220817623093,-0.5841310571115754,-0.6707678991400251,-0.7354724708637201,-0.5875689007478052,-0.6156897628836974,0.7725462577028402,1.0,0.33154389740656987,0.5083840071608,,0.5326758720127497,0.5341254347742453,0.5136793282315595,0.5352391871630021,0.5359497718786108,0.5434730655458101,0.5453254754023455,0.5364798239035524,0.5396243512941273,0.6387180934920561,0.7363883948673737,0.3937136765786635,0.49058340033826864,0.01145868987628745,-0.5477601159601129,-0.5527806081658939,-0.5634041921207977,-0.5579318734068276,-0.563462391765979,-0.6521353974324966,-0.7014450888328608,-0.5771401678385809,-0.6059327302353685,-0.1072058389590034,-0.13021300773774933,-0.09093067017637838,-0.10214861819354434,0.0010446414574204902,0.007780531226043776,-0.012169067393996865,-0.10123660366444516,-0.6848723496059088,0.20845400812238557,0.014357617692667761,-0.008033129902601988,-0.023263261431227922,0.005420680670806802,,,,,,,,,0.008933016134618577,-0.18478832726904476,0.38317922435386825,0.3324119854316577,-0.5231223267073604,0.448505128023591,0.3002680448369771,0.3008123092997058,0.3057498229865243,0.3017189472996073,0.30376462477268035,0.40495030720375863,0.46330565823137043,0.3260891251648296,0.3562082674274792,-0.4021785587733868,-0.4670364172794199,-0.283301720045411,-0.3394381251510537,,
Relative humidity (%)_roll_std_3h,0.12959806285033415,,-0.044460221752981796,-0.2520219017562153,-0.23971099728803644,-0.226899330109448,-0.2405883900855889,-0.2421675696787641,-0.26395370022974507,-0.2912276066199211,-0.24549249896522288,-0.24653295975653985,0.28730064091851676,0.33154389740656987,1.0,0.6198112025362674,,0.21437279466882023,0.20986397732084022,0.22087749157606074,0.20863604858872425,0.20515302281144873,0.20435668086203396,0.21590365876500295,0.20842492277429353,0.20198658042525763,0.21082291689596352,0.26145432112664546,0.6567992236750694,0.46761055940004254,0.004701819671543829,-0.23921862467073882,-0.2469775213115061,-0.2083486913952741,-0.24714642445367524,-0.24806632667590123,-0.276749085850116,-0.2794184465880047,-0.2558595247848424,-0.2683589145982145,-0.029180393259558964,-0.051074969700728244,0.028728685941365236,0.015368174713707574,-0.005618877574283045,-0.00048046511540102583,-0.007234254243863902,-0.044439745064804526,-0.2908584160447878,0.08319281966431183,0.04481684861510171,-0.06464747195299361,-0.029236104605450192,0.011413055427632712,,,,,,,,,-0.01302301653449805,-0.07942658985591729,0.14792004285450888,0.1523820735547784,-0.21769213015824923,0.17872441718879722,0.1542819572484852,0.15528758534429918,0.14658908985597466,0.16980721506033458,0.17710208852253526,0.19889369664312687,0.21753843355561375,0.1807029791704723,0.18955847031485215,-0.17623300195420016,-0.22043511366811833,-0.08635217265422147,-0.12924381129455403,,
Relative humidity (%)_roll_std_6h,0.2024708003935176,,-0.06544811830624772,-0.37787560568223416,-0.3712494034457253,-0.3257405125374327,-0.364134825175641,-0.35752790740605717,-0.3931106642564989,-0.4260553137103725,-0.371370628904893,-0.3734922055552447,0.6050234929419768,0.5083840071608,0.6198112025362674,1.0,,0.3145407347674675,0.3128099752956676,0.30751141568914897,0.309980501608125,0.3050901870287811,0.29921486318209717,0.3095613501454055,0.31009668534662743,0.3024678183859857,0.4544177486950844,0.40359880829704337,0.4943458864508647,0.731934888810748,0.006662721055970148,-0.3476389947103703,-0.3532061213668184,-0.2979673733309608,-0.36117769057865357,-0.36896763390701975,-0.40617441624405815,-0.4103140709818182,-0.3734717470774158,-0.39173012480233205,-0.04091558261260458,-0.08694677602061816,-0.018820090021518857,0.0027178769395391415,-0.012177880610034716,0.003622193117863842,-0.006535590555140717,-0.06837832774414994,-0.41306926096268787,0.12854287178931456,0.00516708566174998,-0.05201013855298455,-0.05250523999643657,-0.017966579198442637,,,,,,,,,-0.018314193464453815,-0.11682380048172827,0.22303640842987627,0.20688923326066225,-0.3086005245648704,0.2352386101897774,0.21074574092036533,0.21208234381160063,0.19586850465719324,0.22084215834615184,0.22991960978830114,0.27628514321764136,0.29645693266315404,0.2385025299385055,0.26031696813112526,-0.25055244981311847,-0.3011580374081651,-0.1918577538445012,-0.20275851861245917,,
Unnamed: 9,,,,,,,,,,,,,,,,,,,,,,,,,,,,,,,,,,,,,,,,,,,,,,,,,,,,,,,,,,,,,,,,,,,,,,,,,,,,,,,,,,,
air temperature,0.08565953073221812,,0.06497095775785229,-0.42227311694471403,-0.4108307904961451,-0.4010932445580066,-0.3921195656706236,-0.368450331992535,-0.32587459849635303,-0.3740716759530393,-0.39803215091654154,-0.3708837169161036,0.44458940513183,0.5326758720127497,0.21437279466882023,0.3145407347674675,,1.0,0.9953266240361733,0.94287541646302,0.9861758626485928,0.9739144585002283,0.9472023244274459,0.9524407915365254,0.9876872175498651,0.9726983093002993,0.4669246281595993,0.5090422756069933,0.30830734961606865,0.3725740054349093,0.012432094244956003,-0.36919608409379817,-0.36822337085509815,-0.41200513376892645,-0.367861754871322,-0.36854718723405583,-0.43194004965454985,-0.4813127785687438,-0.38080195901198555,-0.3971942659854132,-0.05187563824342906,-0.09471413129853887,0.0050110525314960115,-0.017516427672933054,-0.032566721173358605,0.0007715297316155485,0.03827840982413945,0.1595977998024791,-0.8309242107570767,-0.2798162188284709,0.09938311763377602,-0.11568586182288709,-0.11963789347568685,0.03685221589067657,,,,,,,,,-0.03294625664057316,0.023181538889957852,-0.08799934251687112,0.6580916624481935,-0.5838301945989228,0.8455654755107411,0.2412838603881683,0.23832309064707555,0.2587906903334009,0.2337290730483993,0.22907557218067578,0.2905014200429786,0.3488184303362071,0.2522836178765638,0.26622935738641484,-0.28363623299998236,-0.3622325703375762,-0.20820000171461187,-0.24679602250866314,,
air temperature_lag_1h,0.08348000078447891,,0.06078938416164298,-0.414490061137481,-0.4222091274403256,-0.3971669000355479,-0.4107690443936991,-0.39208415228627175,-0.34721261719709623,-0.37508962257384704,-0.41626326332223323,-0.39495095159563826,0.4435811082296483,0.5341254347742453,0.20986397732084022,0.3128099752956676,,0.9953266240361733,1.0,0.9423987703854709,0.9953251098855557,0.9861716390326739,0.958158595991928,0.9549032868036715,0.9964025466228019,0.9846154483355313,0.46188779304201205,0.5086938451862653,0.29392183541355954,0.36389880624383814,0.012431108846740035,-0.370953275480093,-0.3691526577578742,-0.41347904675418784,-0.36817973980116203,-0.36781803940449637,-0.4280815286273591,-0.4790416412245557,-0.3809792146361157,-0.395508939438828,-0.05092437402457341,-0.09616271365000685,0.005722860443437906,-0.016953865166924115,-0.031922370979453586,-0.00024689366125659,0.03813854795369712,0.1599325580078018,-0.83067709519061,-0.2803918791438024,0.114699780033132,-0.0804913967237995,-0.14554700973249168,0.04610921950314974,,,,,,,,,-0.032934282309881845,0.02360501396268762,-0.08845383679595824,0.6580108371773292,-0.583810358615111,0.8531909949839006,0.2404732036212145,0.24110204445300262,0.25811657419458905,0.23826100426362998,0.23384901878090966,0.29286677095021924,0.3478826070919022,0.2566328128599537,0.2703776367281509,-0.28642322793138814,-0.3616854210122919,-0.21283338841194147,-0.2518727835390928,,
air temperature_lag_24h,0.08854358892396495,,0.025627585374974646,-0.3753729161590583,-0.3700997160455662,-0.42151099005028375,-0.358169287367901,-0.34091844840612756,-0.3084262953421799,-0.3642790257817532,-0.36328943144365505,-0.34433219488818273,0.41402478720251884,0.5136793282315595,0.22087749157606074,0.30751141568914897,,0.94287541646302,0.9423987703854709,1.0,0.9384227541494435,0.9316958410478772,0.921807156707636,0.9546641184637314,0.9399280165228122,0.9329667206901016,0.4218472127149774,0.45026520735860404,0.2989128217588503,0.3481984398138828,0.012422858470749745,-0.370452829532754,-0.36799594342676295,-0.3666018783388237,-0.36636078857455107,-0.36543109402923213,-0.42119593076571066,-0.4532046208479254,-0.3791323527258133,-0.3928702027089415,-0.01993778363087046,-0.07056236235874178,0.03263305433496246,0.012419223874487385,-0.008136466692756262,-0.023803788525560664,0.02476119676920893,0.16785618172880187,-0.8252194017958934,-0.2949023819495152,0.09996145495195011,-0.11631928589511627,-0.12004550763543757,0.05210266221959419,,,,,,,,,-0.020114412987904666,0.03484845887725833,-0.09827647918484855,0.6545656925183881,-0.5839007617297235,0.8034239782790796,0.2580942126154483,0.2549991555250677,0.24305000340981522,0.2516282484047436,0.24887191459367156,0.31594177569567183,0.35944996295462844,0.2718587418758406,0.28944643013188953,-0.2985039225878938,-0.3627716537334563,-0.21631528399731456,-0.25954778471009743,,
air temperature_lag_2h,0.08156466896769315,,0.04885816035485175,-0.39760079449351216,-0.4144241423575261,-0.38583092358405446,-0.4221490217893458,-0.41073654802964266,-0.3677416141044206,-0.3759026478586266,-0.42381962450270366,-0.4127673210943639,0.44299405731474595,0.5352391871630021,0.20863604858872425,0.309980501608125,,0.9861758626485928,0.9953251098855557,0.9384227541494435,1.0,0.9953238221152525,0.9684356040775469,0.9571821404397212,0.9994603981496021,0.9931885039724072,0.45697533242939625,0.5083988196166146,0.28170806315364083,0.3523697030948655,0.012430647640323606,-0.3736031224506582,-0.37090920522041704,-0.41533729891464927,-0.3691082370732887,-0.36813511470496935,-0.4248384344949934,-0.4767884738818417,-0.38200989588792766,-0.39492823529854415,-0.049507934739780456,-0.09703654643492762,0.006110506767508039,-0.016013121043444253,-0.03138054395331905,-0.0011982237090731578,0.03802324547988128,0.16028639899986413,-0.830438972290691,-0.28100013674507685,0.12334254894932023,-0.03977881241376246,-0.16146276742204393,0.05118635482952512,,,,,,,,,-0.03290456031599159,0.024043802287653508,-0.08889334508993196,0.6579153632374312,-0.5838059093666671,0.8531414995663713,0.23954579920579766,0.24029074168794562,0.2566199183241808,0.24104007031817484,0.2383813905070658,0.295350238902591,0.346944661443359,0.25897570955601135,0.2739380534466372,-0.2889794696035716,-0.36065335411853977,-0.21488073571995875,-0.2557565315291129,,
air temperature_lag_3h,0.07989343680945193,,0.03342203712254321,-0.37493432596483073,-0.39753263732286814,-0.3684475811492557,-0.41436372119406883,-0.422118475842674,-0.38601580108975725,-0.3764237534474161,-0.41930071702262595,-0.4226112566378936,0.4421751066412939,0.5359497718786108,0.20515302281144873,0.3050901870287811,,0.9739144585002283,0.9861716390326739,0.9316958410478772,0.9953238221152525,1.0,0.977404886050213,0.9592348816175441,0.9964006415059243,0.9976484032657957,0.45121439342059666,0.5079889660077463,0.26967187945538756,0.33750330985707216,0.01242943843509306,-0.3764177693442236,-0.37356077480404587,-0.4176469888690342,-0.3708663586022486,-0.36906505799152955,-0.4223325610153782,-0.4745856761309777,-0.3838488499127853,-0.395438842682192,-0.048102636120127565,-0.09747956282637231,0.005306804954462613,-0.015442526451717248,-0.030869444000733878,-0.00222698520788819,0.03787059790331622,0.16064970340059123,-0.8302107751893709,-0.28163904247372945,0.12360506600088471,0.0036708096525044915,-0.16629924892597836,0.05112202892039328,,,,,,,,,-0.03295210148144234,0.024500494090398336,-0.0893583868485869,0.6578164293833885,-0.5837905271074671,0.8454292878361094,0.23838408015058968,0.23936919791235015,0.254476219568878,0.24023010774070072,0.24115627622566424,0.2978288495456084,0.3460414228687691,0.25935463425742145,0.27675117757068957,-0.2914953781078227,-0.35933241293355217,-0.2146718361938782,-0.2586832187909821,,
air temperature_roll_mean_12h,0.07963115099337344,,-0.026176286045482194,-0.29540554891136717,-0.3149087576657286,-0.2960713654923242,-0.3331104980440647,-0.3489428752444027,-0.39857777608078027,-0.3839351063496061,-0.3387610988136437,-0.3694762272828284,0.43570068741675627,0.5434730655458101,0.20435668086203396,0.29921486318209717,,0.9472023244274459,0.958158595991928,0.921807156707636,0.9684356040775469,0.977404886050213,1.0,0.9845239957039814,0.9705015773144634,0.9864417659292773,0.4261163719572523,0.5103390261950281,0.28017032991316176,0.3295116474227814,0.012708854046927495,-0.3921829675661772,-0.39047721092894694,-0.42646575169945705,-0.38858125984084246,-0.3866250222274884,-0.4329188978045425,-0.4782399881130307,-0.4018462435579729,-0.4128626224746134,-0.04782525942256427,-0.09700829416869253,0.0037747536554347707,-0.017779572304766546,-0.028591989739254163,-0.006491782718707361,0.03856956046854299,0.1658116961720896,-0.8474958388486367,-0.29039409616678774,0.04044846868095421,0.08815564016637771,-0.063844947714183,0.001956035109133924,,,,,,,,,-0.0321792535061581,0.02689164982943051,-0.09303553907490905,0.6721292998676028,-0.5964223490525374,0.7778511497668624,0.24129028456393306,0.24169268438267433,0.24651028434657166,0.24194863394100086,0.24200866951876604,0.31001882357185245,0.3522193049795041,0.26110816409033166,0.28172066451036243,-0.30446799688208925,-0.3632751249169387,-0.21474273756891296,-0.2622866506515445,,
air temperature_roll_mean_24h,0.08350872357427136,,-0.025750091631991462,-0.29851681342069675,-0.3004891631724035,-0.30771442724694364,-0.30218413868414007,-0.30361112037795424,-0.34894081581094294,-0.3876726658321967,-0.30795213656948,-0.3203523002184762,0.4396119034206691,0.5453254754023455,0.21590365876500295,0.3095613501454055,,0.9524407915365254,0.9549032868036715,0.9546641184637314,0.9571821404397212,0.9592348816175441,0.9845239957039814,1.0,0.9595813673416158,0.9677418743303021,0.43574416798277293,0.49704018040952813,0.3035847390923809,0.35414002484576007,0.012925714180669248,-0.39227063113293015,-0.3922259071981497,-0.41297515897172304,-0.39224158537641524,-0.3923147236534007,-0.44273036438094027,-0.4786002995501097,-0.40567240884279826,-0.4199064539532614,-0.04175256092318563,-0.0910974754368001,0.013119720087655324,-0.009999718978879007,-0.02269947654048565,-0.01353405848942502,0.03620471858130087,0.17111532936271695,-0.859219834721818,-0.29903274478011566,-0.0012717231659865695,0.00037898162718557623,0.0009576195364045363,-0.01936545159950819,,,,,,,,,-0.028925139325777647,0.03046911401932048,-0.09715987834535611,0.6820644274809833,-0.605651824729539,0.754120656403707,0.24920706470853146,0.24831698718550307,0.24278094966779235,0.2475483759472598,0.24689740651941455,0.31780228934684435,0.36171644667114133,0.2672657963485294,0.28764428496748695,-0.3085952781220638,-0.3699617723594654,-0.21526875882500932,-0.26279364852595344,,
air temperature_roll_mean_3h,0.08188348346050921,,0.047798325220294445,-0.3967067201774809,-0.4124589837528002,-0.3848077713808495,-0.4168368604151629,-0.4093671808154142,-0.36794190459028875,-0.376780764828485,-0.42088415895997167,-0.4111728634946854,0.4440608376850656,0.5364798239035524,0.20842492277429353,0.31009668534662743,,0.9876872175498651,0.9964025466228019,0.9399280165228122,0.9994603981496021,0.9964006415059243,0.9705015773144634,0.9595813673416158,1.0,0.9943810984633196,0.457869161118151,0.5096617394235186,0.2825004151022197,0.3521678516143063,0.012463509604281204,-0.3746302107800832,-0.3721741367499449,-0.41656091411418067,-0.3703420538334256,-0.3692916778067089,-0.42618828092651817,-0.47804013298560083,-0.38327419809677693,-0.3963201392790873,-0.04962737015305459,-0.09712490932693021,0.005734912808485093,-0.016169206574690637,-0.03150918297079766,-0.001251475872316717,0.03813680133130208,0.16072187518654923,-0.8325252834195955,-0.28173631184664794,0.12088417447401438,-0.03900675389564052,-0.15818670329084056,0.049619816447655646,,,,,,,,,-0.033054098251672964,0.02412719859597994,-0.08911358084950091,0.6596156341784828,-0.5852529198092249,0.8527817730708128,0.24007271801655283,0.24086688572859233,0.25706673615812187,0.24046191995134833,0.23840999877879893,0.2961026292627746,0.3478421095147719,0.25898130413414727,0.27438802846372456,-0.2897083673669628,-0.3614819591413299,-0.21468147823729813,-0.25609510476990727,,
air temperature_roll_mean_6h,0.08027835986873898,,0.022079634983863825,-0.360708772271939,-0.382629922206822,-0.3556778328598295,-0.39788926026888394,-0.40523810542711103,-0.39168051615442656,-0.379320412988986,-0.4029081416572208,-0.4150777511265184,0.4428196912495907,0.5396243512941273,0.20198658042525763,0.3024678183859857,,0.9726983093002993,0.9846154483355313,0.9329667206901016,0.9931885039724072,0.9976484032657957,0.9864417659292773,0.9677418743303021,0.9943810984633196,1.0,0.44831380112928293,0.5111226296744209,0.27023586854922693,0.3327760920244043,0.01253385103584285,-0.3810102664489151,-0.3782517055318991,-0.42181101676943983,-0.3758932514642187,-0.37400521867681225,-0.4260258548186409,-0.47746590455545757,-0.38890774289441304,-0.4004098842896743,-0.0480497927897567,-0.0976840386326003,0.005581908539059218,-0.01613025616169544,-0.030859044636818034,-0.002903312969511062,0.03824512120686763,0.16222374078493154,-0.8368029713110404,-0.2843333035809723,0.1101065644605033,0.023119611892616663,-0.1496223311980891,0.0429270388562259,,,,,,,,,-0.03322220423575451,0.025011288947914354,-0.09030197443632763,0.6631950737840705,-0.588473906450609,0.8365669311700211,0.23959293107057633,0.24048136480297605,0.2541900961724469,0.24091055252022853,0.24052297691225888,0.30125541077810936,0.3485282069118677,0.25976426994185675,0.27846567794278454,-0.29506336444526093,-0.3613651718380945,-0.2147616673857524,-0.2599933321859872,,
air temperature_roll_std_12h,0.3171031815286417,,-0.119986976007848,-0.5077232437899608,-0.5038996022521008,-0.463215352016574,-0.4987141144121359,-0.49121005565037573,-0.5075728360950813,-0.577872486376115,-0.5075957229432745,-0.5072515738413561,0.7629232410381195,0.6387180934920561,0.21082291689596352,0.4544177486950844,,0.4669246281595993,0.46188779304201205,0.4218472127149774,0.45697533242939625,0.45121439342059666,0.4261163719572523,0.43574416798277293,0.457869161118151,0.44831380112928293,1.0,0.7801218308703457,0.37904758011040746,0.6442990159000682,0.008611247999566423,-0.5253597786951762,-0.5361877026365124,-0.4427374778333524,-0.5458503913164573,-0.5535460005073958,-0.6246545747558537,-0.6266019619768778,-0.5638375350801113,-0.5931277023361335,-0.1649973426852212,-0.21569024839348286,-0.09632151976001392,-0.12619557444589852,-0.04565211112878338,0.06500777293107134,0.012609846593889482,-0.0549415459050821,-0.5450440539157093,0.11889274432139653,-0.0357946986083908,-0.07425066383512224,-0.0453410223726993,-0.05865846613275174,,,,,,,,,-0.012733220486812248,-0.1273631694795615,0.24755922234008704,0.278202205979488,-0.3926045834872041,0.3672125795604302,0.23372826140038552,0.24160517160507824,0.2260645668205301,0.24909169639503773,0.2547898175076019,0.32352258677613777,0.3613730163255199,0.26822676046907484,0.2950679955762987,-0.3501573640182278,-0.4081600355080121,-0.26077429884278763,-0.3099039582764099,,
air temperature_roll_std_24h,0.33905811035992844,,-0.12809175079649154,-0.5095246115017057,-0.5162704720782587,-0.5137571786061865,-0.523049102822456,-0.529389868673012,-0.614235563561207,-0.668013298056843,-0.533038088335238,-0.5598381444061957,0.6039812017028957,0.7363883948673737,0.26145432112664546,0.40359880829704337,,0.5090422756069933,0.5086938451862653,0.45026520735860404,0.5083988196166146,0.5079889660077463,0.5103390261950281,0.49704018040952813,0.5096617394235186,0.5111226296744209,0.7801218308703457,1.0,0.4404608767788099,0.5654480645081335,0.00951060240728192,-0.5560626374395319,-0.5647494635811142,-0.577744025516807,-0.5735863394936268,-0.5819186227035335,-0.6756256145911367,-0.7243122296464749,-0.5930216828438429,-0.6255977324265908,-0.15711155313812084,-0.22699461510587757,-0.11231227585752984,-0.13133575944808704,-0.05993637107359175,0.07864236473622661,0.04067393278864129,-0.07462046483239698,-0.6124115996866375,0.15342069342051834,-0.0017637092311046968,0.007895710044310146,-0.0009835054335291789,-0.03829090913823617,,,,,,,,,-0.009393935698598912,-0.15554621885248476,0.29171513263844256,0.3084833711244988,-0.438229770144259,0.4312457763718575,0.23058013487711243,0.2319497252918105,0.2634470692860911,0.2335477269546537,0.23588537204765822,0.3217612130563252,0.38626733579946015,0.2523491853420546,0.2774161478915902,-0.3559624427134111,-0.4368386694283709,-0.24645301801769354,-0.2949046828416128,,
